2045,3
2045,2
2045,1
2045,0
2044,3
2044,2
2044,1
2044,0
2043,3
2043,2
2043,1
2043,0
2042,4
2042,3
2042,2
2042,1
2042,0
2041,4
2041,3
2041,2
2041,1
2041,0
2040,6
2040,5
2040,4
2040,3
2040,2
2040,1
2040,0
2039,6
2039,5
2039,4
2039,3
2039,2
2039,1
2039,0
2038,6
2038,5
2038,4
2038,3
2038,2
2038,1
2038,0
2037,4
2037,3
2037,2
2037,1
2037,0
2036,3
2036,2
2036,1
2036,0
2035,3
2035,2
2035,1
2035,0
2034,4
2034,3
2034,2
2034,1
2034,0
2033,4
2033,3
2033,2
2033,1
2033,0
2032,4
2032,3
2032,2
2032,1
2032,0
2031,4
2031,3
2031,2
2031,1
2031,0
2030,4
2030,3
2030,2
2030,1
2030,0
2029,4
2029,3
2029,2
2029,1
2029,0
2028,4
2028,3
2028,2
2028,1
2028,0
2027,3
2027,2
2027,1
2027,0
2026,4
2026,3
2026,2
2026,1
2026,0
2025,3
2025,2
2025,1
2025,0
2024,3
2024,2
2024,1
2024,0
2023,5
2023,4
2023,3
2023,2
2023,1
2023,0
2022,3
2022,2
2022,1
2022,0
2021,4
2021,3
2021,2
2021,1
2021,0
2020,3
2020,2
2020,1
2020,0
2019,3
2019,2
2019,1
2019,0
2018,3
2018,2
2018,1
2018,0
2017,3
2017,2
2017,1
2017,0
2016,4
2016,3
2016,2
2016,1
2016,0
2015,4
2015,3
2015,2
2015,1
2015,0
2014,6
2014,5
2014,4
2014,3
2014,2
2014,1
2014,0
2013,6
2013,5
2013,4
2013,3
2013,2
2013,1
2013,0
2012,6
2012,5
2012,4
2012,3
2012,2
2012,1
2012,0
2011,4
2011,3
2011,2
2011,1
2011,0
2010,3
2010,2
2010,1
2010,0
2009,3
2009,2
2009,1
2009,0
2008,4
2008,3
2008,2
2008,1
2008,0
2007,4
2007,3
2007,2
2007,1
2007,0
2006,4
2006,3
2006,2
2006,1
2006,0
2005,4
2005,3
2005,2
2005,1
2005,0
2004,4
2004,3
2004,2
2004,1
2004,0
2003,4
2003,3
2003,2
2003,1
2003,0
2002,4
2002,3
2002,2
2002,1
2002,0
2001,3
2001,2
2001,1
2001,0
2000,4
2000,3
2000,2
2000,1
2000,0
1999,3
1999,2
1999,1
1999,0
1998,3
1998,2
1998,1
1998,0
1997,5
1997,4
1997,3
1997,2
1997,1
1997,0
1996,3
1996,2
1996,1
1996,0
1995,4
1995,3
1995,2
1995,1
1995,0
1994,3
1994,2
1994,1
1994,0
1993,3
1993,2
1993,1
1993,0
1992,3
1992,2
1992,1
1992,0
1991,3
1991,2
1991,1
1991,0
1990,4
1990,3
1990,2
1990,1
1990,0
1989,4
1989,3
1989,2
1989,1
1989,0
1988,6
1988,5
1988,4
1988,3
1988,2
1988,1
1988,0
1987,6
1987,5
1987,4
1987,3
1987,2
1987,1
1987,0
1986,6
1986,5
1986,4
1986,3
1986,2
1986,1
1986,0
1985,4
1985,3
1985,2
1985,1
1985,0
1984,3
1984,2
1984,1
1984,0
1983,3
1983,2
1983,1
1983,0
1982,4
1982,3
1982,2
1982,1
1982,0
1981,4
1981,3
1981,2
1981,1
1981,0
1980,4
1980,3
1980,2
1980,1
1980,0
1979,4
1979,3
1979,2
1979,1
1979,0
1978,4
1978,3
1978,2
1978,1
1978,0
1977,4
1977,3
1977,2
1977,1
1977,0
1976,4
1976,3
1976,2
1976,1
1976,0
1975,3
1975,2
1975,1
1975,0
1974,4
1974,3
1974,2
1974,1
1974,0
1973,3
1973,2
1973,1
1973,0
1972,3
1972,2
1972,1
1972,0
1971,5
1971,4
1971,3
1971,2
1971,1
1971,0
1970,3
1970,2
1970,1
1970,0
1969,4
1969,3
1969,2
1969,1
1969,0
1968,3
1968,2
1968,1
1968,0
1967,3
1967,2
1967,1
1967,0
1966,3
1966,2
1966,1
1966,0
1965,3
1965,2
1965,1
1965,0
1964,4
1964,3
1964,2
1964,1
1964,0
1963,4
1963,3
1963,2
1963,1
1963,0
1962,6
1962,5
1962,4
1962,3
1962,2
1962,1
1962,0
1961,6
1961,5
1961,4
1961,3
1961,2
1961,1
1961,0
1960,6
1960,5
1960,4
1960,3
1960,2
1960,1
1960,0
1959,4
1959,3
1959,2
1959,1
1959,0
1958,3
1958,2
1958,1
1958,0
1957,3
1957,2
1957,1
1957,0
1956,4
1956,3
1956,2
1956,1
1956,0
1955,4
1955,3
1955,2
1955,1
1955,0
1954,4
1954,3
1954,2
1954,1
1954,0
1953,4
1953,3
1953,2
1953,1
1953,0
1952,4
1952,3
1952,2
1952,1
1952,0
1951,4
1951,3
1951,2
1951,1
1951,0
1950,4
1950,3
1950,2
1950,1
1950,0
1949,3
1949,2
1949,1
1949,0
1948,4
1948,3
1948,2
1948,1
1948,0
1947,3
1947,2
1947,1
1947,0
1946,3
1946,2
1946,1
1946,0
1945,5
1945,4
1945,3
1945,2
1945,1
1945,0
1944,3
1944,2
1944,1
1944,0
1943,4
1943,3
1943,2
1943,1
1943,0
1942,3
1942,2
1942,1
1942,0
1941,3
1941,2
1941,1
1941,0
1940,3
1940,2
1940,1
1940,0
1939,3
1939,2
1939,1
1939,0
1938,4
1938,3
1938,2
1938,1
1938,0
1937,4
1937,3
1937,2
1937,1
1937,0
1936,6
1936,5
1936,4
1936,3
1936,2
1936,1
1936,0
1935,6
1935,5
1935,4
1935,3
1935,2
1935,1
1935,0
1934,6
1934,5
1934,4
1934,3
1934,2
1934,1
1934,0
1933,4
1933,3
1933,2
1933,1
1933,0
1932,3
1932,2
1932,1
1932,0
1931,3
1931,2
1931,1
1931,0
1930,4
1930,3
1930,2
1930,1
1930,0
1929,4
1929,3
1929,2
1929,1
1929,0
1928,4
1928,3
1928,2
1928,1
1928,0
1927,4
1927,3
1927,2
1927,1
1927,0
1926,4
1926,3
1926,2
1926,1
1926,0
1925,4
1925,3
1925,2
1925,1
1925,0
1924,4
1924,3
1924,2
1924,1
1924,0
1923,3
1923,2
1923,1
1923,0
1922,4
1922,3
1922,2
1922,1
1922,0
1921,3
1921,2
1921,1
1921,0
1920,3
1920,2
1920,1
1920,0
1919,5
1919,4
1919,3
1919,2
1919,1
1919,0
1918,3
1918,2
1918,1
1918,0
1917,4
1917,3
1917,2
1917,1
1917,0
1916,3
1916,2
1916,1
1916,0
1915,3
1915,2
1915,1
1915,0
1914,3
1914,2
1914,1
1914,0
1913,3
1913,2
1913,1
1913,0
1912,4
1912,3
1912,2
1912,1
1912,0
1911,4
1911,3
1911,2
1911,1
1911,0
1910,6
1910,5
1910,4
1910,3
1910,2
1910,1
1910,0
1909,6
1909,5
1909,4
1909,3
1909,2
1909,1
1909,0
1908,6
1908,5
1908,4
1908,3
1908,2
1908,1
1908,0
1907,4
1907,3
1907,2
1907,1
1907,0
1906,3
1906,2
1906,1
1906,0
1905,3
1905,2
1905,1
1905,0
1904,4
1904,3
1904,2
1904,1
1904,0
1903,4
1903,3
1903,2
1903,1
1903,0
1902,4
1902,3
1902,2
1902,1
1902,0
1901,4
1901,3
1901,2
1901,1
1901,0
1900,4
1900,3
1900,2
1900,1
1900,0
1899,4
1899,3
1899,2
1899,1
1899,0
1898,4
1898,3
1898,2
1898,1
1898,0
1897,3
1897,2
1897,1
1897,0
1896,4
1896,3
1896,2
1896,1
1896,0
1895,3
1895,2
1895,1
1895,0
1894,3
1894,2
1894,1
1894,0
1893,5
1893,4
1893,3
1893,2
1893,1
1893,0
1892,3
1892,2
1892,1
1892,0
1891,4
1891,3
1891,2
1891,1
1891,0
1890,3
1890,2
1890,1
1890,0
1889,3
1889,2
1889,1
1889,0
1888,3
1888,2
1888,1
1888,0
1887,3
1887,2
1887,1
1887,0
1886,4
1886,3
1886,2
1886,1
1886,0
1885,4
1885,3
1885,2
1885,1
1885,0
1884,6
1884,5
1884,4
1884,3
1884,2
1884,1
1884,0
1883,6
1883,5
1883,4
1883,3
1883,2
1883,1
1883,0
1882,6
1882,5
1882,4
1882,3
1882,2
1882,1
1882,0
1881,4
1881,3
1881,2
1881,1
1881,0
1880,3
1880,2
1880,1
1880,0
1879,3
1879,2
1879,1
1879,0
1878,4
1878,3
1878,2
1878,1
1878,0
1877,4
1877,3
1877,2
1877,1
1877,0
1876,4
1876,3
1876,2
1876,1
1876,0
1875,4
1875,3
1875,2
1875,1
1875,0
1874,4
1874,3
1874,2
1874,1
1874,0
1873,4
1873,3
1873,2
1873,1
1873,0
1872,4
1872,3
1872,2
1872,1
1872,0
1871,3
1871,2
1871,1
1871,0
1870,4
1870,3
1870,2
1870,1
1870,0
1869,3
1869,2
1869,1
1869,0
1868,3
1868,2
1868,1
1868,0
1867,5
1867,4
1867,3
1867,2
1867,1
1867,0
1866,3
1866,2
1866,1
1866,0
1865,4
1865,3
1865,2
1865,1
1865,0
1864,3
1864,2
1864,1
1864,0
1863,3
1863,2
1863,1
1863,0
1862,3
1862,2
1862,1
1862,0
1861,3
1861,2
1861,1
1861,0
1860,4
1860,3
1860,2
1860,1
1860,0
1859,4
1859,3
1859,2
1859,1
1859,0
1858,6
1858,5
1858,4
1858,3
1858,2
1858,1
1858,0
1857,6
1857,5
1857,4
1857,3
1857,2
1857,1
1857,0
1856,6
1856,5
1856,4
1856,3
1856,2
1856,1
1856,0
1855,4
1855,3
1855,2
1855,1
1855,0
1854,3
1854,2
1854,1
1854,0
1853,3
1853,2
1853,1
1853,0
1852,4
1852,3
1852,2
1852,1
1852,0
1851,4
1851,3
1851,2
1851,1
1851,0
1850,4
1850,3
1850,2
1850,1
1850,0
1849,4
1849,3
1849,2
1849,1
1849,0
1848,4
1848,3
1848,2
1848,1
1848,0
1847,4
1847,3
1847,2
1847,1
1847,0
1846,4
1846,3
1846,2
1846,1
1846,0
1845,3
1845,2
1845,1
1845,0
1844,4
1844,3
1844,2
1844,1
1844,0
1843,3
1843,2
1843,1
1843,0
1842,3
1842,2
1842,1
1842,0
1841,5
1841,4
1841,3
1841,2
1841,1
1841,0
1840,3
1840,2
1840,1
1840,0
1839,4
1839,3
1839,2
1839,1
1839,0
1838,3
1838,2
1838,1
1838,0
1837,3
1837,2
1837,1
1837,0
1836,3
1836,2
1836,1
1836,0
1835,3
1835,2
1835,1
1835,0
1834,4
1834,3
1834,2
1834,1
1834,0
1833,4
1833,3
1833,2
1833,1
1833,0
1832,6
1832,5
1832,4
1832,3
1832,2
1832,1
1832,0
1831,6
1831,5
1831,4
1831,3
1831,2
1831,1
1831,0
1830,6
1830,5
1830,4
1830,3
1830,2
1830,1
1830,0
1829,4
1829,3
1829,2
1829,1
1829,0
1828,3
1828,2
1828,1
1828,0
1827,3
1827,2
1827,1
1827,0
1826,4
1826,3
1826,2
1826,1
1826,0
1825,4
1825,3
1825,2
1825,1
1825,0
1824,4
1824,3
1824,2
1824,1
1824,0
1823,4
1823,3
1823,2
1823,1
1823,0
1822,4
1822,3
1822,2
1822,1
1822,0
1821,4
1821,3
1821,2
1821,1
1821,0
1820,4
1820,3
1820,2
1820,1
1820,0
1819,3
1819,2
1819,1
1819,0
1818,4
1818,3
1818,2
1818,1
1818,0
1817,3
1817,2
1817,1
1817,0
1816,3
1816,2
1816,1
1816,0
1815,5
1815,4
1815,3
1815,2
1815,1
1815,0
1814,3
1814,2
1814,1
1814,0
1813,4
1813,3
1813,2
1813,1
1813,0
1812,3
1812,2
1812,1
1812,0
1811,3
1811,2
1811,1
1811,0
1810,3
1810,2
1810,1
1810,0
1809,3
1809,2
1809,1
1809,0
1808,4
1808,3
1808,2
1808,1
1808,0
1807,4
1807,3
1807,2
1807,1
1807,0
1806,6
1806,5
1806,4
1806,3
1806,2
1806,1
1806,0
1805,6
1805,5
1805,4
1805,3
1805,2
1805,1
1805,0
1804,6
1804,5
1804,4
1804,3
1804,2
1804,1
1804,0
1803,4
1803,3
1803,2
1803,1
1803,0
1802,3
1802,2
1802,1
1802,0
1801,3
1801,2
1801,1
1801,0
1800,4
1800,3
1800,2
1800,1
1800,0
1799,4
1799,3
1799,2
1799,1
1799,0
1798,4
1798,3
1798,2
1798,1
1798,0
1797,4
1797,3
1797,2
1797,1
1797,0
1796,4
1796,3
1796,2
1796,1
1796,0
1795,4
1795,3
1795,2
1795,1
1795,0
1794,4
1794,3
1794,2
1794,1
1794,0
1793,3
1793,2
1793,1
1793,0
1792,4
1792,3
1792,2
1792,1
1792,0
1791,3
1791,2
1791,1
1791,0
1790,3
1790,2
1790,1
1790,0
1789,5
1789,4
1789,3
1789,2
1789,1
1789,0
1788,3
1788,2
1788,1
1788,0
1787,4
1787,3
1787,2
1787,1
1787,0
1786,3
1786,2
1786,1
1786,0
1785,3
1785,2
1785,1
1785,0
1784,3
1784,2
1784,1
1784,0
1783,3
1783,2
1783,1
1783,0
1782,4
1782,3
1782,2
1782,1
1782,0
1781,4
1781,3
1781,2
1781,1
1781,0
1780,6
1780,5
1780,4
1780,3
1780,2
1780,1
1780,0
1779,6
1779,5
1779,4
1779,3
1779,2
1779,1
1779,0
1778,6
1778,5
1778,4
1778,3
1778,2
1778,1
1778,0
1777,4
1777,3
1777,2
1777,1
1777,0
1776,3
1776,2
1776,1
1776,0
1775,3
1775,2
1775,1
1775,0
1774,4
1774,3
1774,2
1774,1
1774,0
1773,4
1773,3
1773,2
1773,1
1773,0
1772,4
1772,3
1772,2
1772,1
1772,0
1771,4
1771,3
1771,2
1771,1
1771,0
1770,4
1770,3
1770,2
1770,1
1770,0
1769,4
1769,3
1769,2
1769,1
1769,0
1768,4
1768,3
1768,2
1768,1
1768,0
1767,3
1767,2
1767,1
1767,0
1766,4
1766,3
1766,2
1766,1
1766,0
1765,3
1765,2
1765,1
1765,0
1764,3
1764,2
1764,1
1764,0
1763,5
1763,4
1763,3
1763,2
1763,1
1763,0
1762,3
1762,2
1762,1
1762,0
1761,4
1761,3
1761,2
1761,1
1761,0
1760,3
1760,2
1760,1
1760,0
1759,3
1759,2
1759,1
1759,0
1758,3
1758,2
1758,1
1758,0
1757,3
1757,2
1757,1
1757,0
1756,4
1756,3
1756,2
1756,1
1756,0
1755,4
1755,3
1755,2
1755,1
1755,0
1754,6
1754,5
1754,4
1754,3
1754,2
1754,1
1754,0
1753,6
1753,5
1753,4
1753,3
1753,2
1753,1
1753,0
1752,6
1752,5
1752,4
1752,3
1752,2
1752,1
1752,0
1751,4
1751,3
1751,2
1751,1
1751,0
1750,3
1750,2
1750,1
1750,0
1749,3
1749,2
1749,1
1749,0
1748,4
1748,3
1748,2
1748,1
1748,0
1747,4
1747,3
1747,2
1747,1
1747,0
1746,4
1746,3
1746,2
1746,1
1746,0
1745,4
1745,3
1745,2
1745,1
1745,0
1744,4
1744,3
1744,2
1744,1
1744,0
1743,4
1743,3
1743,2
1743,1
1743,0
1742,4
1742,3
1742,2
1742,1
1742,0
1741,3
1741,2
1741,1
1741,0
1740,4
1740,3
1740,2
1740,1
1740,0
1739,3
1739,2
1739,1
1739,0
1738,3
1738,2
1738,1
1738,0
1737,5
1737,4
1737,3
1737,2
1737,1
1737,0
1736,3
1736,2
1736,1
1736,0
1735,4
1735,3
1735,2
1735,1
1735,0
1734,3
1734,2
1734,1
1734,0
1733,3
1733,2
1733,1
1733,0
1732,3
1732,2
1732,1
1732,0
1731,3
1731,2
1731,1
1731,0
1730,4
1730,3
1730,2
1730,1
1730,0
1729,4
1729,3
1729,2
1729,1
1729,0
1728,6
1728,5
1728,4
1728,3
1728,2
1728,1
1728,0
1727,6
1727,5
1727,4
1727,3
1727,2
1727,1
1727,0
1726,6
1726,5
1726,4
1726,3
1726,2
1726,1
1726,0
1725,4
1725,3
1725,2
1725,1
1725,0
1724,3
1724,2
1724,1
1724,0
1723,3
1723,2
1723,1
1723,0
1722,4
1722,3
1722,2
1722,1
1722,0
1721,4
1721,3
1721,2
1721,1
1721,0
1720,4
1720,3
1720,2
1720,1
1720,0
1719,4
1719,3
1719,2
1719,1
1719,0
1718,4
1718,3
1718,2
1718,1
1718,0
1717,4
1717,3
1717,2
1717,1
1717,0
1716,4
1716,3
1716,2
1716,1
1716,0
1715,3
1715,2
1715,1
1715,0
1714,4
1714,3
1714,2
1714,1
1714,0
1713,3
1713,2
1713,1
1713,0
1712,3
1712,2
1712,1
1712,0
1711,5
1711,4
1711,3
1711,2
1711,1
1711,0
1710,3
1710,2
1710,1
1710,0
1709,4
1709,3
1709,2
1709,1
1709,0
1708,3
1708,2
1708,1
1708,0
1707,3
1707,2
1707,1
1707,0
1706,3
1706,2
1706,1
1706,0
1705,3
1705,2
1705,1
1705,0
1704,4
1704,3
1704,2
1704,1
1704,0
1703,4
1703,3
1703,2
1703,1
1703,0
1702,6
1702,5
1702,4
1702,3
1702,2
1702,1
1702,0
1701,6
1701,5
1701,4
1701,3
1701,2
1701,1
1701,0
1700,6
1700,5
1700,4
1700,3
1700,2
1700,1
1700,0
1699,4
1699,3
1699,2
1699,1
1699,0
1698,3
1698,2
1698,1
1698,0
1697,3
1697,2
1697,1
1697,0
1696,4
1696,3
1696,2
1696,1
1696,0
1695,4
1695,3
1695,2
1695,1
1695,0
1694,4
1694,3
1694,2
1694,1
1694,0
1693,4
1693,3
1693,2
1693,1
1693,0
1692,4
1692,3
1692,2
1692,1
1692,0
1691,4
1691,3
1691,2
1691,1
1691,0
1690,4
1690,3
1690,2
1690,1
1690,0
1689,3
1689,2
1689,1
1689,0
1688,4
1688,3
1688,2
1688,1
1688,0
1687,3
1687,2
1687,1
1687,0
1686,3
1686,2
1686,1
1686,0
1685,5
1685,4
1685,3
1685,2
1685,1
1685,0
1684,3
1684,2
1684,1
1684,0
1683,4
1683,3
1683,2
1683,1
1683,0
1682,3
1682,2
1682,1
1682,0
1681,3
1681,2
1681,1
1681,0
1680,3
1680,2
1680,1
1680,0
1679,3
1679,2
1679,1
1679,0
1678,4
1678,3
1678,2
1678,1
1678,0
1677,4
1677,3
1677,2
1677,1
1677,0
1676,6
1676,5
1676,4
1676,3
1676,2
1676,1
1676,0
1675,6
1675,5
1675,4
1675,3
1675,2
1675,1
1675,0
1674,6
1674,5
1674,4
1674,3
1674,2
1674,1
1674,0
1673,4
1673,3
1673,2
1673,1
1673,0
1672,3
1672,2
1672,1
1672,0
1671,3
1671,2
1671,1
1671,0
1670,4
1670,3
1670,2
1670,1
1670,0
1669,4
1669,3
1669,2
1669,1
1669,0
1668,4
1668,3
1668,2
1668,1
1668,0
1667,4
1667,3
1667,2
1667,1
1667,0
1666,4
1666,3
1666,2
1666,1
1666,0
1665,4
1665,3
1665,2
1665,1
1665,0
1664,4
1664,3
1664,2
1664,1
1664,0
1663,3
1663,2
1663,1
1663,0
1662,4
1662,3
1662,2
1662,1
1662,0
1661,3
1661,2
1661,1
1661,0
1660,3
1660,2
1660,1
1660,0
1659,5
1659,4
1659,3
1659,2
1659,1
1659,0
1658,3
1658,2
1658,1
1658,0
1657,4
1657,3
1657,2
1657,1
1657,0
1656,3
1656,2
1656,1
1656,0
1655,3
1655,2
1655,1
1655,0
1654,3
1654,2
1654,1
1654,0
1653,3
1653,2
1653,1
1653,0
1652,4
1652,3
1652,2
1652,1
1652,0
1651,4
1651,3
1651,2
1651,1
1651,0
1650,6
1650,5
1650,4
1650,3
1650,2
1650,1
1650,0
1649,6
1649,5
1649,4
1649,3
1649,2
1649,1
1649,0
1648,6
1648,5
1648,4
1648,3
1648,2
1648,1
1648,0
1647,4
1647,3
1647,2
1647,1
1647,0
1646,3
1646,2
1646,1
1646,0
1645,3
1645,2
1645,1
1645,0
1644,4
1644,3
1644,2
1644,1
1644,0
1643,4
1643,3
1643,2
1643,1
1643,0
1642,4
1642,3
1642,2
1642,1
1642,0
1641,4
1641,3
1641,2
1641,1
1641,0
1640,4
1640,3
1640,2
1640,1
1640,0
1639,4
1639,3
1639,2
1639,1
1639,0
1638,4
1638,3
1638,2
1638,1
1638,0
1637,3
1637,2
1637,1
1637,0
1636,4
1636,3
1636,2
1636,1
1636,0
1635,3
1635,2
1635,1
1635,0
1634,3
1634,2
1634,1
1634,0
1633,5
1633,4
1633,3
1633,2
1633,1
1633,0
1632,3
1632,2
1632,1
1632,0
1631,4
1631,3
1631,2
1631,1
1631,0
1630,3
1630,2
1630,1
1630,0
1629,3
1629,2
1629,1
1629,0
1628,3
1628,2
1628,1
1628,0
1627,3
1627,2
1627,1
1627,0
1626,4
1626,3
1626,2
1626,1
1626,0
1625,4
1625,3
1625,2
1625,1
1625,0
1624,6
1624,5
1624,4
1624,3
1624,2
1624,1
1624,0
1623,6
1623,5
1623,4
1623,3
1623,2
1623,1
1623,0
1622,6
1622,5
1622,4
1622,3
1622,2
1622,1
1622,0
1621,4
1621,3
1621,2
1621,1
1621,0
1620,3
1620,2
1620,1
1620,0
1619,3
1619,2
1619,1
1619,0
1618,4
1618,3
1618,2
1618,1
1618,0
1617,4
1617,3
1617,2
1617,1
1617,0
1616,4
1616,3
1616,2
1616,1
1616,0
1615,4
1615,3
1615,2
1615,1
1615,0
1614,4
1614,3
1614,2
1614,1
1614,0
1613,4
1613,3
1613,2
1613,1
1613,0
1612,4
1612,3
1612,2
1612,1
1612,0
1611,3
1611,2
1611,1
1611,0
1610,4
1610,3
1610,2
1610,1
1610,0
1609,3
1609,2
1609,1
1609,0
1608,3
1608,2
1608,1
1608,0
1607,5
1607,4
1607,3
1607,2
1607,1
1607,0
1606,3
1606,2
1606,1
1606,0
1605,4
1605,3
1605,2
1605,1
1605,0
1604,3
1604,2
1604,1
1604,0
1603,3
1603,2
1603,1
1603,0
1602,3
1602,2
1602,1
1602,0
1601,3
1601,2
1601,1
1601,0
1600,4
1600,3
1600,2
1600,1
1600,0
1599,4
1599,3
1599,2
1599,1
1599,0
1598,6
1598,5
1598,4
1598,3
1598,2
1598,1
1598,0
1597,6
1597,5
1597,4
1597,3
1597,2
1597,1
1597,0
1596,6
1596,5
1596,4
1596,3
1596,2
1596,1
1596,0
1595,4
1595,3
1595,2
1595,1
1595,0
1594,3
1594,2
1594,1
1594,0
1593,3
1593,2
1593,1
1593,0
1592,4
1592,3
1592,2
1592,1
1592,0
1591,4
1591,3
1591,2
1591,1
1591,0
1590,4
1590,3
1590,2
1590,1
1590,0
1589,4
1589,3
1589,2
1589,1
1589,0
1588,4
1588,3
1588,2
1588,1
1588,0
1587,4
1587,3
1587,2
1587,1
1587,0
1586,4
1586,3
1586,2
1586,1
1586,0
1585,3
1585,2
1585,1
1585,0
1584,4
1584,3
1584,2
1584,1
1584,0
1583,3
1583,2
1583,1
1583,0
1582,3
1582,2
1582,1
1582,0
1581,5
1581,4
1581,3
1581,2
1581,1
1581,0
1580,3
1580,2
1580,1
1580,0
1579,4
1579,3
1579,2
1579,1
1579,0
1578,3
1578,2
1578,1
1578,0
1577,3
1577,2
1577,1
1577,0
1576,3
1576,2
1576,1
1576,0
1575,3
1575,2
1575,1
1575,0
1574,4
1574,3
1574,2
1574,1
1574,0
1573,4
1573,3
1573,2
1573,1
1573,0
1572,6
1572,5
1572,4
1572,3
1572,2
1572,1
1572,0
1571,6
1571,5
1571,4
1571,3
1571,2
1571,1
1571,0
1570,6
1570,5
1570,4
1570,3
1570,2
1570,1
1570,0
1569,4
1569,3
1569,2
1569,1
1569,0
1568,3
1568,2
1568,1
1568,0
1567,3
1567,2
1567,1
1567,0
1566,4
1566,3
1566,2
1566,1
1566,0
1565,4
1565,3
1565,2
1565,1
1565,0
1564,4
1564,3
1564,2
1564,1
1564,0
1563,4
1563,3
1563,2
1563,1
1563,0
1562,4
1562,3
1562,2
1562,1
1562,0
1561,4
1561,3
1561,2
1561,1
1561,0
1560,4
1560,3
1560,2
1560,1
1560,0
1559,3
1559,2
1559,1
1559,0
1558,4
1558,3
1558,2
1558,1
1558,0
1557,3
1557,2
1557,1
1557,0
1556,3
1556,2
1556,1
1556,0
1555,5
1555,4
1555,3
1555,2
1555,1
1555,0
1554,3
1554,2
1554,1
1554,0
1553,4
1553,3
1553,2
1553,1
1553,0
1552,3
1552,2
1552,1
1552,0
1551,3
1551,2
1551,1
1551,0
1550,3
1550,2
1550,1
1550,0
1549,3
1549,2
1549,1
1549,0
1548,4
1548,3
1548,2
1548,1
1548,0
1547,4
1547,3
1547,2
1547,1
1547,0
1546,6
1546,5
1546,4
1546,3
1546,2
1546,1
1546,0
1545,6
1545,5
1545,4
1545,3
1545,2
1545,1
1545,0
1544,6
1544,5
1544,4
1544,3
1544,2
1544,1
1544,0
1543,4
1543,3
1543,2
1543,1
1543,0
1542,3
1542,2
1542,1
1542,0
1541,3
1541,2
1541,1
1541,0
1540,4
1540,3
1540,2
1540,1
1540,0
1539,4
1539,3
1539,2
1539,1
1539,0
1538,4
1538,3
1538,2
1538,1
1538,0
1537,4
1537,3
1537,2
1537,1
1537,0
1536,4
1536,3
1536,2
1536,1
1536,0
1535,4
1535,3
1535,2
1535,1
1535,0
1534,4
1534,3
1534,2
1534,1
1534,0
1533,3
1533,2
1533,1
1533,0
1532,4
1532,3
1532,2
1532,1
1532,0
1531,3
1531,2
1531,1
1531,0
1530,3
1530,2
1530,1
1530,0
1529,5
1529,4
1529,3
1529,2
1529,1
1529,0
1528,3
1528,2
1528,1
1528,0
1527,4
1527,3
1527,2
1527,1
1527,0
1526,3
1526,2
1526,1
1526,0
1525,3
1525,2
1525,1
1525,0
1524,3
1524,2
1524,1
1524,0
1523,3
1523,2
1523,1
1523,0
1522,4
1522,3
1522,2
1522,1
1522,0
1521,4
1521,3
1521,2
1521,1
1521,0
1520,6
1520,5
1520,4
1520,3
1520,2
1520,1
1520,0
1519,6
1519,5
1519,4
1519,3
1519,2
1519,1
1519,0
1518,6
1518,5
1518,4
1518,3
1518,2
1518,1
1518,0
1517,4
1517,3
1517,2
1517,1
1517,0
1516,3
1516,2
1516,1
1516,0
1515,3
1515,2
1515,1
1515,0
1514,4
1514,3
1514,2
1514,1
1514,0
1513,4
1513,3
1513,2
1513,1
1513,0
1512,4
1512,3
1512,2
1512,1
1512,0
1511,4
1511,3
1511,2
1511,1
1511,0
1510,4
1510,3
1510,2
1510,1
1510,0
1509,4
1509,3
1509,2
1509,1
1509,0
1508,4
1508,3
1508,2
1508,1
1508,0
1507,3
1507,2
1507,1
1507,0
1506,4
1506,3
1506,2
1506,1
1506,0
1505,3
1505,2
1505,1
1505,0
1504,3
1504,2
1504,1
1504,0
1503,5
1503,4
1503,3
1503,2
1503,1
1503,0
1502,3
1502,2
1502,1
1502,0
1501,4
1501,3
1501,2
1501,1
1501,0
1500,3
1500,2
1500,1
1500,0
1499,3
1499,2
1499,1
1499,0
1498,3
1498,2
1498,1
1498,0
1497,3
1497,2
1497,1
1497,0
1496,4
1496,3
1496,2
1496,1
1496,0
1495,4
1495,3
1495,2
1495,1
1495,0
1494,6
1494,5
1494,4
1494,3
1494,2
1494,1
1494,0
1493,6
1493,5
1493,4
1493,3
1493,2
1493,1
1493,0
1492,6
1492,5
1492,4
1492,3
1492,2
1492,1
1492,0
1491,4
1491,3
1491,2
1491,1
1491,0
1490,3
1490,2
1490,1
1490,0
1489,3
1489,2
1489,1
1489,0
1488,4
1488,3
1488,2
1488,1
1488,0
1487,4
1487,3
1487,2
1487,1
1487,0
1486,4
1486,3
1486,2
1486,1
1486,0
1485,4
1485,3
1485,2
1485,1
1485,0
1484,4
1484,3
1484,2
1484,1
1484,0
1483,4
1483,3
1483,2
1483,1
1483,0
1482,4
1482,3
1482,2
1482,1
1482,0
1481,3
1481,2
1481,1
1481,0
1480,4
1480,3
1480,2
1480,1
1480,0
1479,3
1479,2
1479,1
1479,0
1478,3
1478,2
1478,1
1478,0
1477,5
1477,4
1477,3
1477,2
1477,1
1477,0
1476,3
1476,2
1476,1
1476,0
1475,4
1475,3
1475,2
1475,1
1475,0
1474,3
1474,2
1474,1
1474,0
1473,3
1473,2
1473,1
1473,0
1472,3
1472,2
1472,1
1472,0
1471,3
1471,2
1471,1
1471,0
1470,4
1470,3
1470,2
1470,1
1470,0
1469,4
1469,3
1469,2
1469,1
1469,0
1468,6
1468,5
1468,4
1468,3
1468,2
1468,1
1468,0
1467,6
1467,5
1467,4
1467,3
1467,2
1467,1
1467,0
1466,6
1466,5
1466,4
1466,3
1466,2
1466,1
1466,0
1465,4
1465,3
1465,2
1465,1
1465,0
1464,3
1464,2
1464,1
1464,0
1463,3
1463,2
1463,1
1463,0
1462,4
1462,3
1462,2
1462,1
1462,0
1461,4
1461,3
1461,2
1461,1
1461,0
1460,4
1460,3
1460,2
1460,1
1460,0
1459,4
1459,3
1459,2
1459,1
1459,0
1458,4
1458,3
1458,2
1458,1
1458,0
1457,4
1457,3
1457,2
1457,1
1457,0
1456,4
1456,3
1456,2
1456,1
1456,0
1455,3
1455,2
1455,1
1455,0
1454,4
1454,3
1454,2
1454,1
1454,0
1453,3
1453,2
1453,1
1453,0
1452,3
1452,2
1452,1
1452,0
1451,5
1451,4
1451,3
1451,2
1451,1
1451,0
1450,3
1450,2
1450,1
1450,0
1449,4
1449,3
1449,2
1449,1
1449,0
1448,3
1448,2
1448,1
1448,0
1447,3
1447,2
1447,1
1447,0
1446,3
1446,2
1446,1
1446,0
1445,3
1445,2
1445,1
1445,0
1444,4
1444,3
1444,2
1444,1
1444,0
1443,4
1443,3
1443,2
1443,1
1443,0
1442,6
1442,5
1442,4
1442,3
1442,2
1442,1
1442,0
1441,6
1441,5
1441,4
1441,3
1441,2
1441,1
1441,0
1440,6
1440,5
1440,4
1440,3
1440,2
1440,1
1440,0
1439,4
1439,3
1439,2
1439,1
1439,0
1438,3
1438,2
1438,1
1438,0
1437,3
1437,2
1437,1
1437,0
1436,4
1436,3
1436,2
1436,1
1436,0
1435,4
1435,3
1435,2
1435,1
1435,0
1434,4
1434,3
1434,2
1434,1
1434,0
1433,4
1433,3
1433,2
1433,1
1433,0
1432,4
1432,3
1432,2
1432,1
1432,0
1431,4
1431,3
1431,2
1431,1
1431,0
1430,4
1430,3
1430,2
1430,1
1430,0
1429,3
1429,2
1429,1
1429,0
1428,4
1428,3
1428,2
1428,1
1428,0
1427,3
1427,2
1427,1
1427,0
1426,3
1426,2
1426,1
1426,0
1425,5
1425,4
1425,3
1425,2
1425,1
1425,0
1424,3
1424,2
1424,1
1424,0
1423,4
1423,3
1423,2
1423,1
1423,0
1422,3
1422,2
1422,1
1422,0
1421,3
1421,2
1421,1
1421,0
1420,3
1420,2
1420,1
1420,0
1419,3
1419,2
1419,1
1419,0
1418,4
1418,3
1418,2
1418,1
1418,0
1417,4
1417,3
1417,2
1417,1
1417,0
1416,6
1416,5
1416,4
1416,3
1416,2
1416,1
1416,0
1415,6
1415,5
1415,4
1415,3
1415,2
1415,1
1415,0
1414,6
1414,5
1414,4
1414,3
1414,2
1414,1
1414,0
1413,4
1413,3
1413,2
1413,1
1413,0
1412,3
1412,2
1412,1
1412,0
1411,3
1411,2
1411,1
1411,0
1410,4
1410,3
1410,2
1410,1
1410,0
1409,4
1409,3
1409,2
1409,1
1409,0
1408,4
1408,3
1408,2
1408,1
1408,0
1407,4
1407,3
1407,2
1407,1
1407,0
1406,4
1406,3
1406,2
1406,1
1406,0
1405,4
1405,3
1405,2
1405,1
1405,0
1404,4
1404,3
1404,2
1404,1
1404,0
1403,3
1403,2
1403,1
1403,0
1402,4
1402,3
1402,2
1402,1
1402,0
1401,3
1401,2
1401,1
1401,0
1400,3
1400,2
1400,1
1400,0
1399,5
1399,4
1399,3
1399,2
1399,1
1399,0
1398,3
1398,2
1398,1
1398,0
1397,4
1397,3
1397,2
1397,1
1397,0
1396,3
1396,2
1396,1
1396,0
1395,3
1395,2
1395,1
1395,0
1394,3
1394,2
1394,1
1394,0
1393,3
1393,2
1393,1
1393,0
1392,4
1392,3
1392,2
1392,1
1392,0
1391,4
1391,3
1391,2
1391,1
1391,0
1390,6
1390,5
1390,4
1390,3
1390,2
1390,1
1390,0
1389,6
1389,5
1389,4
1389,3
1389,2
1389,1
1389,0
1388,6
1388,5
1388,4
1388,3
1388,2
1388,1
1388,0
1387,4
1387,3
1387,2
1387,1
1387,0
1386,3
1386,2
1386,1
1386,0
1385,3
1385,2
1385,1
1385,0
1384,4
1384,3
1384,2
1384,1
1384,0
1383,4
1383,3
1383,2
1383,1
1383,0
1382,4
1382,3
1382,2
1382,1
1382,0
1381,4
1381,3
1381,2
1381,1
1381,0
1380,4
1380,3
1380,2
1380,1
1380,0
1379,4
1379,3
1379,2
1379,1
1379,0
1378,4
1378,3
1378,2
1378,1
1378,0
1377,3
1377,2
1377,1
1377,0
1376,4
1376,3
1376,2
1376,1
1376,0
1375,3
1375,2
1375,1
1375,0
1374,3
1374,2
1374,1
1374,0
1373,5
1373,4
1373,3
1373,2
1373,1
1373,0
1372,3
1372,2
1372,1
1372,0
1371,4
1371,3
1371,2
1371,1
1371,0
1370,3
1370,2
1370,1
1370,0
1369,3
1369,2
1369,1
1369,0
1368,3
1368,2
1368,1
1368,0
1367,3
1367,2
1367,1
1367,0
1366,4
1366,3
1366,2
1366,1
1366,0
1365,4
1365,3
1365,2
1365,1
1365,0
1364,6
1364,5
1364,4
1364,3
1364,2
1364,1
1364,0
1363,6
1363,5
1363,4
1363,3
1363,2
1363,1
1363,0
1362,6
1362,5
1362,4
1362,3
1362,2
1362,1
1362,0
1361,4
1361,3
1361,2
1361,1
1361,0
1360,3
1360,2
1360,1
1360,0
1359,3
1359,2
1359,1
1359,0
1358,4
1358,3
1358,2
1358,1
1358,0
1357,4
1357,3
1357,2
1357,1
1357,0
1356,4
1356,3
1356,2
1356,1
1356,0
1355,4
1355,3
1355,2
1355,1
1355,0
1354,4
1354,3
1354,2
1354,1
1354,0
1353,4
1353,3
1353,2
1353,1
1353,0
1352,4
1352,3
1352,2
1352,1
1352,0
1351,3
1351,2
1351,1
1351,0
1350,4
1350,3
1350,2
1350,1
1350,0
1349,3
1349,2
1349,1
1349,0
1348,3
1348,2
1348,1
1348,0
1347,5
1347,4
1347,3
1347,2
1347,1
1347,0
1346,3
1346,2
1346,1
1346,0
1345,4
1345,3
1345,2
1345,1
1345,0
1344,3
1344,2
1344,1
1344,0
1343,3
1343,2
1343,1
1343,0
1342,3
1342,2
1342,1
1342,0
1341,3
1341,2
1341,1
1341,0
1340,4
1340,3
1340,2
1340,1
1340,0
1339,4
1339,3
1339,2
1339,1
1339,0
1338,6
1338,5
1338,4
1338,3
1338,2
1338,1
1338,0
1337,6
1337,5
1337,4
1337,3
1337,2
1337,1
1337,0
1336,6
1336,5
1336,4
1336,3
1336,2
1336,1
1336,0
1335,4
1335,3
1335,2
1335,1
1335,0
1334,3
1334,2
1334,1
1334,0
1333,3
1333,2
1333,1
1333,0
1332,4
1332,3
1332,2
1332,1
1332,0
1331,4
1331,3
1331,2
1331,1
1331,0
1330,4
1330,3
1330,2
1330,1
1330,0
1329,4
1329,3
1329,2
1329,1
1329,0
1328,4
1328,3
1328,2
1328,1
1328,0
1327,4
1327,3
1327,2
1327,1
1327,0
1326,4
1326,3
1326,2
1326,1
1326,0
1325,3
1325,2
1325,1
1325,0
1324,4
1324,3
1324,2
1324,1
1324,0
1323,3
1323,2
1323,1
1323,0
1322,3
1322,2
1322,1
1322,0
1321,5
1321,4
1321,3
1321,2
1321,1
1321,0
1320,3
1320,2
1320,1
1320,0
1319,4
1319,3
1319,2
1319,1
1319,0
1318,3
1318,2
1318,1
1318,0
1317,3
1317,2
1317,1
1317,0
1316,3
1316,2
1316,1
1316,0
1315,3
1315,2
1315,1
1315,0
1314,4
1314,3
1314,2
1314,1
1314,0
1313,4
1313,3
1313,2
1313,1
1313,0
1312,6
1312,5
1312,4
1312,3
1312,2
1312,1
1312,0
1311,6
1311,5
1311,4
1311,3
1311,2
1311,1
1311,0
1310,6
1310,5
1310,4
1310,3
1310,2
1310,1
1310,0
1309,4
1309,3
1309,2
1309,1
1309,0
1308,3
1308,2
1308,1
1308,0
1307,3
1307,2
1307,1
1307,0
1306,4
1306,3
1306,2
1306,1
1306,0
1305,4
1305,3
1305,2
1305,1
1305,0
1304,4
1304,3
1304,2
1304,1
1304,0
1303,4
1303,3
1303,2
1303,1
1303,0
1302,4
1302,3
1302,2
1302,1
1302,0
1301,4
1301,3
1301,2
1301,1
1301,0
1300,4
1300,3
1300,2
1300,1
1300,0
1299,3
1299,2
1299,1
1299,0
1298,4
1298,3
1298,2
1298,1
1298,0
1297,3
1297,2
1297,1
1297,0
1296,3
1296,2
1296,1
1296,0
1295,5
1295,4
1295,3
1295,2
1295,1
1295,0
1294,3
1294,2
1294,1
1294,0
1293,4
1293,3
1293,2
1293,1
1293,0
1292,3
1292,2
1292,1
1292,0
1291,3
1291,2
1291,1
1291,0
1290,3
1290,2
1290,1
1290,0
1289,3
1289,2
1289,1
1289,0
1288,4
1288,3
1288,2
1288,1
1288,0
1287,4
1287,3
1287,2
1287,1
1287,0
1286,6
1286,5
1286,4
1286,3
1286,2
1286,1
1286,0
1285,6
1285,5
1285,4
1285,3
1285,2
1285,1
1285,0
1284,6
1284,5
1284,4
1284,3
1284,2
1284,1
1284,0
1283,4
1283,3
1283,2
1283,1
1283,0
1282,3
1282,2
1282,1
1282,0
1281,3
1281,2
1281,1
1281,0
1280,4
1280,3
1280,2
1280,1
1280,0
1279,4
1279,3
1279,2
1279,1
1279,0
1278,4
1278,3
1278,2
1278,1
1278,0
1277,4
1277,3
1277,2
1277,1
1277,0
1276,4
1276,3
1276,2
1276,1
1276,0
1275,4
1275,3
1275,2
1275,1
1275,0
1274,4
1274,3
1274,2
1274,1
1274,0
1273,3
1273,2
1273,1
1273,0
1272,4
1272,3
1272,2
1272,1
1272,0
1271,3
1271,2
1271,1
1271,0
1270,3
1270,2
1270,1
1270,0
1269,5
1269,4
1269,3
1269,2
1269,1
1269,0
1268,3
1268,2
1268,1
1268,0
1267,4
1267,3
1267,2
1267,1
1267,0
1266,3
1266,2
1266,1
1266,0
1265,3
1265,2
1265,1
1265,0
1264,3
1264,2
1264,1
1264,0
1263,3
1263,2
1263,1
1263,0
1262,4
1262,3
1262,2
1262,1
1262,0
1261,4
1261,3
1261,2
1261,1
1261,0
1260,6
1260,5
1260,4
1260,3
1260,2
1260,1
1260,0
1259,6
1259,5
1259,4
1259,3
1259,2
1259,1
1259,0
1258,6
1258,5
1258,4
1258,3
1258,2
1258,1
1258,0
1257,4
1257,3
1257,2
1257,1
1257,0
1256,3
1256,2
1256,1
1256,0
1255,3
1255,2
1255,1
1255,0
1254,4
1254,3
1254,2
1254,1
1254,0
1253,4
1253,3
1253,2
1253,1
1253,0
1252,4
1252,3
1252,2
1252,1
1252,0
1251,4
1251,3
1251,2
1251,1
1251,0
1250,4
1250,3
1250,2
1250,1
1250,0
1249,4
1249,3
1249,2
1249,1
1249,0
1248,4
1248,3
1248,2
1248,1
1248,0
1247,3
1247,2
1247,1
1247,0
1246,4
1246,3
1246,2
1246,1
1246,0
1245,3
1245,2
1245,1
1245,0
1244,3
1244,2
1244,1
1244,0
1243,5
1243,4
1243,3
1243,2
1243,1
1243,0
1242,3
1242,2
1242,1
1242,0
1241,4
1241,3
1241,2
1241,1
1241,0
1240,3
1240,2
1240,1
1240,0
1239,3
1239,2
1239,1
1239,0
1238,3
1238,2
1238,1
1238,0
1237,3
1237,2
1237,1
1237,0
1236,4
1236,3
1236,2
1236,1
1236,0
1235,4
1235,3
1235,2
1235,1
1235,0
1234,6
1234,5
1234,4
1234,3
1234,2
1234,1
1234,0
1233,6
1233,5
1233,4
1233,3
1233,2
1233,1
1233,0
1232,6
1232,5
1232,4
1232,3
1232,2
1232,1
1232,0
1231,4
1231,3
1231,2
1231,1
1231,0
1230,3
1230,2
1230,1
1230,0
1229,3
1229,2
1229,1
1229,0
1228,4
1228,3
1228,2
1228,1
1228,0
1227,4
1227,3
1227,2
1227,1
1227,0
1226,4
1226,3
1226,2
1226,1
1226,0
1225,4
1225,3
1225,2
1225,1
1225,0
1224,4
1224,3
1224,2
1224,1
1224,0
1223,4
1223,3
1223,2
1223,1
1223,0
1222,4
1222,3
1222,2
1222,1
1222,0
1221,3
1221,2
1221,1
1221,0
1220,4
1220,3
1220,2
1220,1
1220,0
1219,3
1219,2
1219,1
1219,0
1218,3
1218,2
1218,1
1218,0
1217,5
1217,4
1217,3
1217,2
1217,1
1217,0
1216,3
1216,2
1216,1
1216,0
1215,4
1215,3
1215,2
1215,1
1215,0
1214,3
1214,2
1214,1
1214,0
1213,3
1213,2
1213,1
1213,0
1212,3
1212,2
1212,1
1212,0
1211,3
1211,2
1211,1
1211,0
1210,4
1210,3
1210,2
1210,1
1210,0
1209,4
1209,3
1209,2
1209,1
1209,0
1208,6
1208,5
1208,4
1208,3
1208,2
1208,1
1208,0
1207,6
1207,5
